0
10
0
1
10
11
100
101
110
0
1
10
11
100
101
110
111
1000
1001
1010
1011
1100
1101
1110
0
1
10
11
100
101
110
111
1000
1001
1010
1011
1100
1101
1110
1111
10000
10001
10010
10011
10100
10101
10110
10111
11000
11001
11010
11011
11100
11101
11110
0
1
10
11
100
101
110
111
1000
1001
1010
1011
1100
1101
1110
1111
10000
10001
10010
10011
10100
10101
10110
10111
11000
11001
11010
11011
11100
11101
11110
11111
100000
100001
100010
100011
100100
100101
100110
100111
101000
101001
101010
101011
101100
101101
101110
101111
110000
110001
110010
110011
110100
110101
110110
110111
111000
111001
111010
111011
111100
111101
111110
0
1
10
11
100
101
110
111
1000
1001
1010
1011
1100
1101
1110
1111
10000
10001
10010
10011
10100
10101
10110
10111
11000
11001
11010
11011
11100
11101
11110
11111
100000
100001
100010
100011
100100
100101
100110
100111
101000
101001
101010
101011
101100
101101
101110
101111
110000
110001
110010
110011
110100
110101
110110
110111
111000
111001
111010
111011
111100
111101
111110
111111
1000000
1000001
1000010
1000011
1000100
1000101
1000110
1000111
1001000
1001001
1001010
1001011
1001100
1001101
1001110
1001111
1010000
1010001
1010010
1010011
1010100
1010101
1010110
1010111
1011000
1011001
1011010
1011011
1011100
1011101
1011110
1011111
1100000
1100001
1100010
1100011
1100100
1100101
1100110
1100111
1101000
1101001
1101010
1101011
1101100
1101101
1101110
1101111
1110000
1110001
1110010
1110011
1110100
1110101
1110110
1110111
1111000
1111001
1111010
1111011
1111100
1111101
1111110
0
1
10
11
100
101
110
111
1000
1001
1010
1011
1100
1101
1110
1111
10000
10001
10010
10011
10100
10101
10110
10111
11000
11001
11010
11011
11100
11101
11110
11111
100000
100001
100010
100011
100100
100101
100110
100111
101000
101001
101010
101011
101100
101101
101110
101111
110000
110001
110010
110011
110100
110101
110110
110111
111000
111001
111010
111011
111100
111101
111110
111111
1000000
1000001
1000010
1000011
1000100
1000101
1000110
1000111
1001000
1001001
1001010
1001011
1001100
1001101
1001110
1001111
1010000
1010001
1010010
1010011
1010100
1010101
1010110
1010111
1011000
1011001
1011010
1011011
1011100
1011101
1011110
1011111
1100000
1100001
1100010
1100011
1100100
1100101
1100110
1100111
1101000
1101001
1101010
1101011
1101100
1101101
1101110
1101111
1110000
1110001
1110010
1110011
1110100
1110101
1110110
1110111
1111000
1111001
1111010
1111011
1111100
1111101
1111110
1111111
10000000
10000001
10000010
10000011
10000100
10000101
10000110
10000111
10001000
10001001
10001010
10001011
10001100
10001101
10001110
10001111
10010000
10010001
10010010
10010011
10010100
10010101
10010110
10010111
10011000
10011001
10011010
10011011
10011100
10011101
10011110
10011111
10100000
10100001
10100010
10100011
10100100
10100101
10100110
10100111
10101000
10101001
10101010
10101011
10101100
10101101
10101110
10101111
10110000
10110001
10110010
10110011
10110100
10110101
10110110
10110111
10111000
10111001
10111010
10111011
10111100
10111101
10111110
10111111
11000000
11000001
11000010
11000011
11000100
11000101
11000110
11000111
11001000
11001001
11001010
11001011
11001100
11001101
11001110
11001111
11010000
11010001
11010010
11010011
11010100
11010101
11010110
11010111
11011000
11011001
11011010
11011011
11011100
11011101
11011110
11011111
11100000
11100001
11100010
11100011
11100100
11100101
11100110
11100111
11101000
11101001
11101010
11101011
11101100
11101101
11101110
11101111
11110000
11110001
11110010
11110011
11110100
11110101
11110110
11110111
11111000
11111001
11111010
11111011
11111100
11111101
11111110
0
1
10
11
100
101
110
111
1000
1001
1010
1011
1100
1101
1110
1111
10000
10001
10010
10011
10100
10101
10110
10111
11000
11001
11010
11011
11100
11101
11110
11111
100000
100001
100010
100011
100100
100101
100110
100111
101000
101001
101010
101011
101100
101101
101110
101111
110000
110001
110010
110011
110100
110101
110110
110111
111000
111001
111010
111011
111100
111101
111110
111111
1000000
1000001
1000010
1000011
1000100
1000101
1000110
1000111
1001000
1001001
1001010
1001011
1001100
1001101
1001110
1001111
1010000
1010001
1010010
1010011
1010100
1010101
1010110
1010111
1011000
1011001
1011010
1011011
1011100
1011101
1011110
1011111
1100000
1100001
1100010
1100011
1100100
1100101
1100110
1100111
1101000
1101001
1101010
1101011
1101100
1101101
1101110
1101111
1110000
1110001
1110010
1110011
1110100
1110101
1110110
1110111
1111000
1111001
1111010
1111011
1111100
1111101
1111110
1111111
10000000
10000001
10000010
10000011
10000100
10000101
10000110
10000111
10001000
10001001
10001010
10001011
10001100
10001101
10001110
10001111
10010000
10010001
10010010
10010011
10010100
10010101
10010110
10010111
10011000
10011001
10011010
10011011
10011100
10011101
10011110
10011111
10100000
10100001
10100010
10100011
10100100
10100101
10100110
10100111
10101000
10101001
10101010
10101011
10101100
10101101
10101110
10101111
10110000
10110001
10110010
10110011
10110100
10110101
10110110
10110111
10111000
10111001
10111010
10111011
10111100
10111101
10111110
10111111
11000000
11000001
11000010
11000011
11000100
11000101
11000110
11000111
11001000
11001001
11001010
11001011
11001100
11001101
11001110
11001111
11010000
11010001
11010010
11010011
11010100
11010101
11010110
11010111
11011000
11011001
11011010
11011011
11011100
11011101
11011110
11011111
11100000
11100001
11100010
11100011
11100100
11100101
11100110
11100111
11101000
11101001
11101010
11101011
11101100
11101101
11101110
11101111
11110000
11110001
11110010
11110011
11110100
11110101
11110110
11110111
11111000
11111001
11111010
11111011
11111100
11111101
11111110
11111111
100000000
100000001
100000010
100000011
100000100
100000101
100000110
100000111
100001000
100001001
100001010
100001011
100001100
100001101
100001110
100001111
100010000
100010001
100010010
100010011
100010100
100010101
100010110
100010111
100011000
100011001
100011010
100011011
100011100
100011101
100011110
100011111
100100000
100100001
100100010
100100011
100100100
100100101
100100110
100100111
100101000
100101001
100101010
100101011
100101100
100101101
100101110
100101111
100110000
100110001
100110010
100110011
100110100
100110101
100110110
100110111
100111000
100111001
100111010
100111011
100111100
100111101
100111110
100111111
101000000
101000001
101000010
101000011
101000100
101000101
101000110
101000111
101001000
101001001
101001010
101001011
101001100
101001101
101001110
101001111
101010000
101010001
101010010
101010011
101010100
101010101
101010110
101010111
101011000
101011001
101011010
101011011
101011100
101011101
101011110
101011111
101100000
101100001
101100010
101100011
101100100
101100101
101100110
101100111
101101000
101101001
101101010
101101011
101101100
101101101
101101110
101101111
101110000
101110001
101110010
101110011
101110100
101110101
101110110
101110111
101111000
101111001
101111010
101111011
101111100
101111101
101111110
101111111
110000000
110000001
110000010
110000011
110000100
110000101
110000110
110000111
110001000
110001001
110001010
110001011
110001100
110001101
110001110
110001111
110010000
110010001
110010010
110010011
110010100
110010101
110010110
110010111
110011000
110011001
110011010
110011011
110011100
110011101
110011110
110011111
110100000
110100001
110100010
110100011
110100100
110100101
110100110
110100111
110101000
110101001
110101010
110101011
110101100
110101101
110101110
110101111
110110000
110110001
110110010
110110011
110110100
110110101
110110110
110110111
110111000
110111001
110111010
110111011
110111100
110111101
110111110
110111111
111000000
111000001
111000010
111000011
111000100
111000101
111000110
111000111
111001000
111001001
111001010
111001011
111001100
111001101
111001110
111001111
111010000
111010001
111010010
111010011
111010100
111010101
111010110
111010111
111011000
111011001
111011010
111011011
111011100
111011101
111011110
111011111
111100000
111100001
111100010
111100011
111100100
111100101
111100110
111100111
111101000
111101001
111101010
111101011
111101100
111101101
111101110
111101111
111110000
111110001
111110010
111110011
111110100
111110101
111110110
111110111
111111000
111111001
111111010
111111011
111111100
111111101
111111110
0
1
10
11
100
101
110
111
1000
1001
1010
1011
1100
1101
1110
1111
10000
10001
10010
10011
10100
10101
10110
10111
11000
11001
11010
11011
11100
11101
11110
11111
100000
100001
100010
100011
100100
100101
100110
100111
101000
101001
101010
101011
101100
101101
101110
101111
110000
110001
110010
110011
110100
110101
110110
110111
111000
111001
111010
111011
111100
111101
111110
111111
1000000
1000001
1000010
1000011
1000100
1000101
1000110
1000111
1001000
1001001
1001010
1001011
1001100
1001101
1001110
1001111
1010000
1010001
1010010
1010011
1010100
1010101
1010110
1010111
1011000
1011001
1011010
1011011
1011100
1011101
1011110
1011111
1100000
1100001
1100010
1100011
1100100
1100101
1100110
1100111
1101000
1101001
1101010
1101011
1101100
1101101
1101110
1101111
1110000
1110001
1110010
1110011
1110100
1110101
1110110
1110111
1111000
1111001
1111010
1111011
1111100
1111101
1111110
1111111
10000000
10000001
10000010
10000011
10000100
10000101
10000110
10000111
10001000
10001001
10001010
10001011
10001100
10001101
10001110
10001111
10010000
10010001
10010010
10010011
10010100
10010101
10010110
10010111
10011000
10011001
10011010
10011011
10011100
10011101
10011110
10011111
10100000
10100001
10100010
10100011
10100100
10100101
10100110
10100111
10101000
10101001
10101010
10101011
10101100
10101101
10101110
10101111
10110000
10110001
10110010
10110011
10110100
10110101
10110110
10110111
10111000
10111001
10111010
10111011
10111100
10111101
10111110
10111111
11000000
11000001
11000010
11000011
11000100
11000101
11000110
11000111
11001000
11001001
11001010
11001011
11001100
11001101
11001110
11001111
11010000
11010001
11010010
11010011
11010100
11010101
11010110
11010111
11011000
11011001
11011010
11011011
11011100
11011101
11011110
11011111
11100000
11100001
11100010
11100011
11100100
11100101
11100110
11100111
11101000
11101001
11101010
11101011
11101100
11101101
11101110
11101111
11110000
11110001
11110010
11110011
11110100
11110101
11110110
11110111
11111000
11111001
11111010
11111011
11111100
11111101
11111110
11111111
100000000
100000001
100000010
100000011
100000100
100000101
100000110
100000111
100001000
100001001
100001010
100001011
100001100
100001101
100001110
100001111
100010000
100010001
100010010
100010011
100010100
100010101
100010110
100010111
100011000
100011001
100011010
100011011
100011100
100011101
100011110
100011111
100100000
100100001
100100010
100100011
100100100
100100101
100100110
100100111
100101000
100101001
100101010
100101011
100101100
100101101
100101110
100101111
100110000
100110001
100110010
100110011
100110100
100110101
100110110
100110111
100111000
100111001
100111010
100111011
100111100
100111101
100111110
100111111
101000000
101000001
101000010
101000011
101000100
101000101
101000110
101000111
101001000
101001001
101001010
101001011
101001100
101001101
101001110
101001111
101010000
101010001
101010010
101010011
101010100
101010101
101010110
101010111
101011000
101011001
101011010
101011011
101011100
101011101
101011110
101011111
101100000
101100001
101100010
101100011
101100100
101100101
101100110
101100111
101101000
101101001
101101010
101101011
101101100
101101101
101101110
101101111
101110000
101110001
101110010
101110011
101110100
101110101
101110110
101110111
101111000
101111001
101111010
101111011
101111100
101111101
101111110
101111111
110000000
110000001
110000010
110000011
110000100
110000101
110000110
110000111
110001000
110001001
110001010
110001011
110001100
110001101
110001110
110001111
110010000
110010001
110010010
110010011
110010100
110010101
110010110
110010111
110011000
110011001
110011010
110011011
110011100
110011101
110011110
110011111
110100000
110100001
110100010
110100011
110100100
110100101
110100110
110100111
110101000
110101001
110101010
110101011
110101100
110101101
110101110
110101111
110110000
110110001
110110010
110110011
110110100
110110101
110110110
110110111
110111000
110111001
110111010
110111011
110111100
110111101
110111110
110111111
111000000
111000001
111000010
111000011
111000100
111000101
111000110
111000111
111001000
111001001
111001010
111001011
111001100
111001101
111001110
111001111
111010000
111010001
111010010
111010011
111010100
111010101
111010110
111010111
111011000
111011001
111011010
111011011
111011100
111011101
111011110
111011111
111100000
111100001
111100010
111100011
111100100
111100101
111100110
111100111
111101000
111101001
111101010
111101011
111101100
111101101
111101110
111101111
111110000
111110001
111110010
111110011
111110100
111110101
111110110
111110111
111111000
111111001
111111010
111111011
111111100
111111101
111111110
111111111
1000000000
1000000001
1000000010
1000000011
1000000100
1000000101
1000000110
1000000111
1000001000
1000001001
1000001010
1000001011
1000001100
1000001101
1000001110
1000001111
1000010000
1000010001
1000010010
1000010011
1000010100
1000010101
1000010110
1000010111
1000011000
1000011001
1000011010
1000011011
1000011100
1000011101
1000011110
1000011111
1000100000
1000100001
1000100010
1000100011
1000100100
1000100101
1000100110
1000100111
1000101000
1000101001
1000101010
1000101011
1000101100
1000101101
1000101110
1000101111
1000110000
1000110001
1000110010
1000110011
1000110100
1000110101
1000110110
1000110111
1000111000
1000111001
1000111010
1000111011
1000111100
1000111101
1000111110
1000111111
1001000000
1001000001
1001000010
1001000011
1001000100
1001000101
1001000110
1001000111
1001001000
1001001001
1001001010
1001001011
1001001100
1001001101
1001001110
1001001111
1001010000
1001010001
1001010010
1001010011
1001010100
1001010101
1001010110
1001010111
1001011000
1001011001
1001011010
1001011011
1001011100
1001011101
1001011110
1001011111
1001100000
1001100001
1001100010
1001100011
1001100100
1001100101
1001100110
1001100111
1001101000
1001101001
1001101010
1001101011
1001101100
1001101101
1001101110
1001101111
1001110000
1001110001
1001110010
1001110011
1001110100
1001110101
1001110110
1001110111
1001111000
1001111001
1001111010
1001111011
1001111100
1001111101
1001111110
1001111111
1010000000
1010000001
1010000010
1010000011
1010000100
1010000101
1010000110
1010000111
1010001000
1010001001
1010001010
1010001011
1010001100
1010001101
1010001110
1010001111
1010010000
1010010001
1010010010
1010010011
1010010100
1010010101
1010010110
1010010111
1010011000
1010011001
1010011010
1010011011
1010011100
1010011101
1010011110
1010011111
1010100000
1010100001
1010100010
1010100011
1010100100
1010100101
1010100110
1010100111
1010101000
1010101001
1010101010
1010101011
1010101100
1010101101
1010101110
1010101111
1010110000
1010110001
1010110010
1010110011
1010110100
1010110101
1010110110
1010110111
1010111000
1010111001
1010111010
1010111011
1010111100
1010111101
1010111110
1010111111
1011000000
1011000001
1011000010
1011000011
1011000100
1011000101
1011000110
1011000111
1011001000
1011001001
1011001010
1011001011
1011001100
1011001101
1011001110
1011001111
1011010000
1011010001
1011010010
1011010011
1011010100
1011010101
1011010110
1011010111
1011011000
1011011001
1011011010
1011011011
1011011100
1011011101
1011011110
1011011111
1011100000
1011100001
1011100010
1011100011
1011100100
1011100101
1011100110
1011100111
1011101000
1011101001
1011101010
1011101011
1011101100
1011101101
1011101110
1011101111
1011110000
1011110001
1011110010
1011110011
1011110100
1011110101
1011110110
1011110111
1011111000
1011111001
1011111010
1011111011
1011111100
1011111101
1011111110
1011111111
1100000000
1100000001
1100000010
1100000011
1100000100
1100000101
1100000110
1100000111
1100001000
1100001001
1100001010
1100001011
1100001100
1100001101
1100001110
1100001111
1100010000
1100010001
1100010010
1100010011
1100010100
1100010101
1100010110
1100010111
1100011000
1100011001
1100011010
1100011011
1100011100
1100011101
1100011110
1100011111
1100100000
1100100001
1100100010
1100100011
1100100100
1100100101
1100100110
1100100111
1100101000
1100101001
1100101010
1100101011
1100101100
1100101101
1100101110
1100101111
1100110000
1100110001
1100110010
1100110011
1100110100
1100110101
1100110110
1100110111
1100111000
1100111001
1100111010
1100111011
1100111100
1100111101
1100111110
1100111111
1101000000
1101000001
1101000010
1101000011
1101000100
1101000101
1101000110
1101000111
1101001000
1101001001
1101001010
1101001011
1101001100
1101001101
1101001110
1101001111
1101010000
1101010001
1101010010
1101010011
1101010100
1101010101
1101010110
1101010111
1101011000
1101011001
1101011010
1101011011
1101011100
1101011101
1101011110
1101011111
1101100000
1101100001
1101100010
1101100011
1101100100
1101100101
1101100110
1101100111
1101101000
1101101001
1101101010
1101101011
1101101100
1101101101
1101101110
1101101111
1101110000
1101110001
1101110010
1101110011
1101110100
1101110101
1101110110
1101110111
1101111000
1101111001
1101111010
1101111011
1101111100
1101111101
1101111110
1101111111
1110000000
1110000001
1110000010
1110000011
1110000100
1110000101
1110000110
1110000111
1110001000
1110001001
1110001010
1110001011
1110001100
1110001101
1110001110
1110001111
1110010000
1110010001
1110010010
1110010011
1110010100
1110010101
1110010110
1110010111
1110011000
1110011001
1110011010
1110011011
1110011100
1110011101
1110011110
1110011111
1110100000
1110100001
1110100010
1110100011
1110100100
1110100101
1110100110
1110100111
1110101000
1110101001
1110101010
1110101011
1110101100
1110101101
1110101110
1110101111
1110110000
1110110001
1110110010
1110110011
1110110100
1110110101
1110110110
1110110111
1110111000
1110111001
1110111010
1110111011
1110111100
1110111101
1110111110
1110111111
1111000000
1111000001
1111000010
1111000011
1111000100
1111000101
1111000110
1111000111
1111001000
1111001001
1111001010
1111001011
1111001100
1111001101
1111001110
1111001111
1111010000
1111010001
1111010010
1111010011
1111010100
1111010101
1111010110
1111010111
1111011000
1111011001
1111011010
1111011011
1111011100
1111011101
1111011110
1111011111
1111100000
1111100001
1111100010
1111100011
1111100100
1111100101
1111100110
1111100111
1111101000
1111101001
1111101010
1111101011
1111101100
1111101101
1111101110
1111101111
1111110000
1111110001
1111110010
1111110011
1111110100
1111110101
1111110110
1111110111
1111111000
1111111001
1111111010
1111111011
1111111100
1111111101
1111111110
-2147483648
-2147483647
-2147483638
-2147483637
-2147483548
-2147483547
-2147483538
-2147483537
-2147482648
-2147482647
-2147482638
-2147482637
-2147482548
-2147482547
-2147482538
-2147482537
-2147473648
-2147473647
-2147473638
-2147473637
-2147473548
-2147473547
-2147473538
-2147473537
-2147472648
-2147472647
-2147472638
-2147472637
-2147472548
-2147472547
-2147472538
-2147472537
-2147383648
-2147383647
-2147383638
-2147383637
-2147383548
-2147383547
-2147383538
-2147383537
-2147382648
-2147382647
-2147382638
-2147382637
-2147382548
-2147382547
-2147382538
-2147382537
-2147373648
-2147373647
-2147373638
-2147373637
-2147373548
-2147373547
-2147373538
-2147373537
-2147372648
-2147372647
-2147372638
-2147372637
-2147372548
-2147372547
-2147372538
-2147372537
-2146483648
-2146483647
-2146483638
-2146483637
-2146483548
-2146483547
-2146483538
-2146483537
-2146482648
-2146482647
-2146482638
-2146482637
-2146482548
-2146482547
-2146482538
-2146482537
-2146473648
-2146473647
-2146473638
-2146473637
-2146473548
-2146473547
-2146473538
-2146473537
-2146472648
-2146472647
-2146472638
-2146472637
-2146472548
-2146472547
-2146472538
-2146472537
-2146383648
-2146383647
-2146383638
-2146383637
-2146383548
-2146383547
-2146383538
-2146383537
-2146382648
-2146382647
-2146382638
-2146382637
-2146382548
-2146382547
-2146382538
-2146382537
-2146373648
-2146373647
-2146373638
-2146373637
-2146373548
-2146373547
-2146373538
-2146373537
-2146372648
-2146372647
-2146372638
-2146372637
-2146372548
-2146372547
-2146372538
-2146372537
-2137483648
-2137483647
-2137483638
-2137483637
-2137483548
-2137483547
-2137483538
-2137483537
-2137482648
-2137482647
-2137482638
-2137482637
-2137482548
-2137482547
-2137482538
-2137482537
-2137473648
-2137473647
-2137473638
-2137473637
-2137473548
-2137473547
-2137473538
-2137473537
-2137472648
-2137472647
-2137472638
-2137472637
-2137472548
-2137472547
-2137472538
-2137472537
-2137383648
-2137383647
-2137383638
-2137383637
-2137383548
-2137383547
-2137383538
-2137383537
-2137382648
-2137382647
-2137382638
-2137382637
-2137382548
-2137382547
-2137382538
-2137382537
-2137373648
-2137373647
-2137373638
-2137373637
-2137373548
-2137373547
-2137373538
-2137373537
-2137372648
-2137372647
-2137372638
-2137372637
-2137372548
-2137372547
-2137372538
-2137372537
-2136483648
-2136483647
-2136483638
-2136483637
-2136483548
-2136483547
-2136483538
-2136483537
-2136482648
-2136482647
-2136482638
-2136482637
-2136482548
-2136482547
-2136482538
-2136482537
-2136473648
-2136473647
-2136473638
-2136473637
-2136473548
-2136473547
-2136473538
-2136473537
-2136472648
-2136472647
-2136472638
-2136472637
-2136472548
-2136472547
-2136472538
-2136472537
-2136383648
-2136383647
-2136383638
-2136383637
-2136383548
-2136383547
-2136383538
-2136383537
-2136382648
-2136382647
-2136382638
-2136382637
-2136382548
-2136382547
-2136382538
-2136382537
-2136373648
-2136373647
-2136373638
-2136373637
-2136373548
-2136373547
-2136373538
-2136373537
-2136372648
-2136372647
-2136372638
-2136372637
-2136372548
-2136372547
-2136372538
-2136372537
-2047483648
-2047483647
-2047483638
-2047483637
-2047483548
-2047483547
-2047483538
-2047483537
-2047482648
-2047482647
-2047482638
-2047482637
-2047482548
-2047482547
-2047482538
-2047482537
-2047473648
-2047473647
-2047473638
-2047473637
-2047473548
-2047473547
-2047473538
-2047473537
-2047472648
-2047472647
-2047472638
-2047472637
-2047472548
-2047472547
-2047472538
-2047472537
-2047383648
-2047383647
-2047383638
-2047383637
-2047383548
-2047383547
-2047383538
-2047383537
-2047382648
-2047382647
-2047382638
-2047382637
-2047382548
-2047382547
-2047382538
-2047382537
-2047373648
-2047373647
-2047373638
-2047373637
-2047373548
-2047373547
-2047373538
-2047373537
-2047372648
-2047372647
-2047372638
-2047372637
-2047372548
-2047372547
-2047372538
-2047372537
-2046483648
-2046483647
-2046483638
-2046483637
-2046483548
-2046483547
-2046483538
-2046483537
-2046482648
-2046482647
-2046482638
-2046482637
-2046482548
-2046482547
-2046482538
-2046482537
-2046473648
-2046473647
-2046473638
-2046473637
-2046473548
-2046473547
-2046473538
-2046473537
-2046472648
-2046472647
-2046472638
-2046472637
-2046472548
-2046472547
-2046472538
-2046472537
-2046383648
-2046383647
-2046383638
-2046383637
-2046383548
-2046383547
-2046383538
-2046383537
-2046382648
-2046382647
-2046382638
-2046382637
-2046382548
-2046382547
-2046382538
-2046382537
-2046373648
-2046373647
-2046373638
-2046373637
-2046373548
-2046373547
-2046373538
-2046373537
-2046372648
-2046372647
-2046372638
-2046372637
-2046372548
-2046372547
-2046372538
-2046372537
-2037483648
-2037483647
-2037483638
-2037483637
-2037483548
-2037483547
-2037483538
-2037483537
-2037482648
-2037482647
-2037482638
-2037482637
-2037482548
-2037482547
-2037482538
-2037482537
-2037473648
-2037473647
-2037473638
-2037473637
-2037473548
-2037473547
-2037473538
-2037473537
-2037472648
-2037472647
-2037472638
-2037472637
-2037472548
-2037472547
-2037472538
-2037472537
-2037383648
-2037383647
-2037383638
-2037383637
-2037383548
-2037383547
-2037383538
-2037383537
-2037382648
-2037382647
-2037382638
-2037382637
-2037382548
-2037382547
-2037382538
-2037382537
-2037373648
-2037373647
-2037373638
-2037373637
-2037373548
-2037373547
-2037373538
-2037373537
-2037372648
-2037372647
-2037372638
-2037372637
-2037372548
-2037372547
-2037372538
-2037372537
-2036483648
-2036483647
-2036483638
-2036483637
-2036483548
-2036483547
-2036483538
-2036483537
-2036482648
-2036482647
-2036482638
-2036482637
-2036482548
-2036482547
-2036482538
-2036482537
-2036473648
-2036473647
-2036473638
-2036473637
-2036473548
-2036473547
-2036473538
-2036473537
-2036472648
-2036472647
-2036472638
-2036472637
-2036472548
-2036472547
-2036472538
-2036472537
-2036383648
-2036383647
-2036383638
-2036383637
-2036383548
-2036383547
-2036383538
-2036383537
-2036382648
-2036382647
-2036382638
-2036382637
-2036382548
-2036382547
-2036382538
-2036382537
-2036373648
-2036373647
-2036373638
-2036373637
-2036373548
-2036373547
-2036373538
-2036373537
-2036372648
-2036372647
-2036372638
-2036372637
-2036372548
-2036372547
-2036372538
-2036372537
-1147483648
-1147483647
-1147483638
-1147483637
-1147483548
-1147483547
-1147483538
-1147483537
-1147482648
-1147482647
-1147482638
-1147482637
-1147482548
-1147482547
-1147482538
-1147482537
-1147473648
-1147473647
-1147473638
-1147473637
-1147473548
-1147473547
-1147473538
-1147473537
-1147472648
-1147472647
-1147472638
-1147472637
-1147472548
-1147472547
-1147472538
-1147472537
-1147383648
-1147383647
-1147383638
-1147383637
-1147383548
-1147383547
-1147383538
-1147383537
-1147382648
-1147382647
-1147382638
-1147382637
-1147382548
-1147382547
-1147382538
-1147382537
-1147373648
-1147373647
-1147373638
-1147373637
-1147373548
-1147373547
-1147373538
-1147373537
-1147372648
-1147372647
-1147372638
-1147372637
-1147372548
-1147372547
-1147372538
-1147372537
-1146483648
-1146483647
-1146483638
-1146483637
-1146483548
-1146483547
-1146483538
-1146483537
-1146482648
-1146482647
-1146482638
-1146482637
-1146482548
-1146482547
-1146482538
-1146482537
-1146473648
-1146473647
-1146473638
-1146473637
-1146473548
-1146473547
-1146473538
-1146473537
-1146472648
-1146472647
-1146472638
-1146472637
-1146472548
-1146472547
-1146472538
-1146472537
-1146383648
-1146383647
-1146383638
-1146383637
-1146383548
-1146383547
-1146383538
-1146383537
-1146382648
-1146382647
-1146382638
-1146382637
-1146382548
-1146382547
-1146382538
-1146382537
-1146373648
-1146373647
-1146373638
-1146373637
-1146373548
-1146373547
-1146373538
-1146373537
-1146372648
-1146372647
-1146372638
-1146372637
-1146372548
-1146372547
-1146372538
-1146372537
-1137483648
-1137483647
-1137483638
-1137483637
-1137483548
-1137483547
-1137483538
-1137483537
-1137482648
-1137482647
-1137482638
-1137482637
-1137482548
-1137482547
-1137482538
-1137482537
-1137473648
-1137473647
-1137473638
-1137473637
-1137473548
-1137473547
-1137473538
-1137473537
-1137472648
-1137472647
-1137472638
-1137472637
-1137472548
-1137472547
-1137472538
-1137472537
-1137383648
-1137383647
-1137383638
-1137383637
-1137383548
-1137383547
-1137383538
-1137383537
-1137382648
-1137382647
-1137382638
-1137382637
-1137382548
-1137382547
-1137382538
-1137382537
-1137373648
-1137373647
-1137373638
-1137373637
-1137373548
-1137373547
-1137373538
-1137373537
-1137372648
-1137372647
-1137372638
-1137372637
-1137372548
-1137372547
-1137372538
-1137372537
-1136483648
-1136483647
-1136483638
-1136483637
-1136483548
-1136483547
-1136483538
-1136483537
-1136482648
-1136482647
-1136482638
-1136482637
-1136482548
-1136482547
-1136482538
-1136482537
-1136473648
-1136473647
-1136473638
-1136473637
-1136473548
-1136473547
-1136473538
-1136473537
-1136472648
-1136472647
-1136472638
-1136472637
-1136472548
-1136472547
-1136472538
-1136472537
-1136383648
-1136383647
-1136383638
-1136383637
-1136383548
-1136383547
-1136383538
-1136383537
-1136382648
-1136382647
-1136382638
-1136382637
-1136382548
-1136382547
-1136382538
-1136382537
-1136373648
-1136373647
-1136373638
-1136373637
-1136373548
-1136373547
-1136373538
-1136373537
-1136372648
-1136372647
-1136372638
-1136372637
-1136372548
-1136372547
-1136372538
-1136372537
-1047483648
-1047483647
-1047483638
-1047483637
-1047483548
-1047483547
-1047483538
-1047483537
-1047482648
-1047482647
-1047482638
-1047482637
-1047482548
-1047482547
-1047482538
-1047482537
-1047473648
-1047473647
-1047473638
-1047473637
-1047473548
-1047473547
-1047473538
-1047473537
-1047472648
-1047472647
-1047472638
-1047472637
-1047472548
-1047472547
-1047472538
-1047472537
-1047383648
-1047383647
-1047383638
-1047383637
-1047383548
-1047383547
-1047383538
-1047383537
-1047382648
-1047382647
-1047382638
-1047382637
-1047382548
-1047382547
-1047382538
-1047382537
-1047373648
-1047373647
-1047373638
-1047373637
-1047373548
-1047373547
-1047373538
-1047373537
-1047372648
-1047372647
-1047372638
-1047372637
-1047372548
-1047372547
-1047372538
-1047372537
-1046483648
-1046483647
-1046483638
-1046483637
-1046483548
-1046483547
-1046483538
-1046483537
-1046482648
-1046482647
-1046482638
-1046482637
-1046482548
-1046482547
-1046482538
-1046482537
-1046473648
-1046473647
-1046473638
-1046473637
-1046473548
-1046473547
-1046473538
-1046473537
-1046472648
-1046472647
-1046472638
-1046472637
-1046472548
-1046472547
-1046472538
-1046472537
-1046383648
-1046383647
-1046383638
-1046383637
-1046383548
-1046383547
-1046383538
-1046383537
-1046382648
-1046382647
-1046382638
-1046382637
-1046382548
-1046382547
-1046382538
-1046382537
-1046373648
-1046373647
-1046373638
-1046373637
-1046373548
-1046373547
-1046373538
-1046373537
-1046372648
-1046372647
-1046372638
-1046372637
-1046372548
-1046372547
-1046372538
-1046372537
-1037483648
-1037483647
-1037483638
-1037483637
-1037483548
-1037483547
-1037483538
-1037483537
-1037482648
-1037482647
-1037482638
-1037482637
-1037482548
-1037482547
-1037482538
-1037482537
-1037473648
-1037473647
-1037473638
-1037473637
-1037473548
-1037473547
-1037473538
-1037473537
-1037472648
-1037472647
-1037472638
-1037472637
-1037472548
-1037472547
-1037472538
-1037472537
-1037383648
-1037383647
-1037383638
-1037383637
-1037383548
-1037383547
-1037383538
-1037383537
-1037382648
-1037382647
-1037382638
-1037382637
-1037382548
-1037382547
-1037382538
-1037382537
-1037373648
-1037373647
-1037373638
-1037373637
-1037373548
-1037373547
-1037373538
-1037373537
-1037372648
-1037372647
-1037372638
-1037372637
-1037372548
-1037372547
-1037372538
-1037372537
-1036483648
-1036483647
-1036483638
-1036483637
-1036483548
-1036483547
-1036483538
-1036483537
-1036482648
-1036482647
-1036482638
-1036482637
-1036482548
-1036482547
-1036482538
-1036482537
-1036473648
-1036473647
-1036473638
-1036473637
-1036473548
-1036473547
-1036473538
-1036473537
-1036472648
-1036472647
-1036472638
-1036472637
-1036472548
-1036472547
-1036472538
-1036472537
-1036383648
-1036383647
-1036383638
-1036383637
-1036383548
-1036383547
-1036383538
-1036383537
-1036382648
-1036382647
-1036382638
-1036382637
-1036382548
-1036382547
-1036382538
-1036382537
-1036373648
-1036373647
-1036373638
-1036373637
-1036373548
-1036373547
-1036373538
-1036373537
-1036372648
-1036372647
-1036372638
-1036372637
-1036372548
-1036372547
-1036372538
0
1
10
11
100
101
110
111
1000
1001
1010
1011
1100
1101
1110
1111
10000
10001
10010
10011
10100
10101
10110
10111
11000
11001
11010
11011
11100
11101
11110
11111
100000
100001
100010
100011
100100
100101
100110
100111
101000
101001
101010
101011
101100
101101
101110
101111
110000
110001
110010
110011
110100
110101
110110
110111
111000
111001
111010
111011
111100
111101
111110
111111
1000000
1000001
1000010
1000011
1000100
1000101
1000110
1000111
1001000
1001001
1001010
1001011
1001100
1001101
1001110
1001111
1010000
1010001
1010010
1010011
1010100
1010101
1010110
1010111
1011000
1011001
1011010
1011011
1011100
1011101
1011110
1011111
1100000
1100001
1100010
1100011
1100100
1100101
1100110
1100111
1101000
1101001
1101010
1101011
1101100
1101101
1101110
1101111
1110000
1110001
1110010
1110011
1110100
1110101
1110110
1110111
1111000
1111001
1111010
1111011
1111100
1111101
1111110
1111111
10000000
10000001
10000010
10000011
10000100
10000101
10000110
10000111
10001000
10001001
10001010
10001011
10001100
10001101
10001110
10001111
10010000
10010001
10010010
10010011
10010100
10010101
10010110
10010111
10011000
10011001
10011010
10011011
10011100
10011101
10011110
10011111
10100000
10100001
10100010
10100011
10100100
10100101
10100110
10100111
10101000
10101001
10101010
10101011
10101100
10101101
10101110
10101111
10110000
10110001
10110010
10110011
10110100
10110101
10110110
10110111
10111000
10111001
10111010
10111011
10111100
10111101
10111110
10111111
11000000
11000001
11000010
11000011
11000100
11000101
11000110
11000111
11001000
11001001
11001010
11001011
11001100
11001101
11001110
11001111
11010000
11010001
11010010
11010011
11010100
11010101
11010110
11010111
11011000
11011001
11011010
11011011
11011100
11011101
11011110
11011111
11100000
11100001
11100010
11100011
11100100
11100101
11100110
11100111
11101000
11101001
11101010
11101011
11101100
11101101
11101110
11101111
11110000
11110001
11110010
11110011
11110100
11110101
11110110
11110111
11111000
11111001
11111010
11111011
11111100
11111101
11111110
11111111
100000000
100000001
100000010
100000011
100000100
100000101
100000110